{
    "nom": {
	"r_ggH_pt200_300": 0.12888476904533722e3,
	"r_ggH_pt300_450": 0.04074342308641974e3,
	"r_ggH_pt450_inf": 0.007040057263406001e3,
	"r_qqH_hww_mjj_1000_Inf": 0.10080658709468909e3
    },
    "down": {
	"r_ggH_pt200_300": 0.9494,
	"r_ggH_pt300_450": 0.9494,
	"r_ggH_pt450_inf": 0.9494,
	"r_qqH_hww_mjj_1000_Inf": 0.9788
	1;95;0c    },
    "up": {
	"r_ggH_pt200_300": 1.0506,
	"r_ggH_pt300_450": 1.0506,
	"r_ggH_pt450_inf": 1.0506,
	"r_qqH_hww_mjj_1000_Inf": 1.0214 
    }
}
